START 4232 -1348 13936 -10234 -5728 4756 END
START 1580 -11016 -6040 -6436 -2321 4599 END
START -5764 -460 11112 -807 -6989 1032 END
START 4000 -8948 14732 -6888 -2247 413 END
START -1808 -10484 9452 -7664 -2338 -7916 END
START 1408 -9776 7772 2961 1448 -5883 END
START -1000 -2024 1964 -2838 2791 -8431 END
START -9016 3088 8456 230 4412 -8756 END
START -11852 6060 372 -15207 6184 1965 END
START -7928 988 18688 -8598 12511 1717 END
START -6232 -492 18424 824 13282 9150 END
START -1004 -5632 20220 -4336 12452 7299 END
START -4916 -1868 27728 3135 13100 6241 END
START -4628 -4468 32767 -2497 6051 6875 END
START -4740 6064 32096 11214 7553 10156 END
START -5236 -480 32767 -7579 -10355 15407 END
START -2636 -13596 24148 800 -14308 10189 END
START 3596 -17376 21776 6096 -17136 5023 END
START -2676 -12452 13080 16028 -7593 -1474 END
START -6208 -10172 2664 9 -15698 -8661 END
START -5004 -16880 12504 -3999 -9104 -12680 END
START -2868 -3592 800 2551 -1142 -13462 END
START -5164 6280 3376 -10817 1093 -11278 END
START -3808 5948 23632 -4384 11743 -9553 END